100000
0
-273
-772
-771
-770
-769
-768
-767
-766
-765
-764
-763
-762
-761
-760
-759
-758
-757
-756
-755
-754
-753
-752
-751
-750
-749
-748
-748
-748
1818
1819
1820
1821
1822
1822
1822
288
289
290
291
292
293
294
295
296
297
298
299
300
301
301
301
10030
10030
10030
10030
10030
10030
10030
10030
10030
10030
10030
10030
10030
10030
10030
18803
18804
18805
18806
18807
18807
18807
10701
10702
10703
10704
10705
10706
10707
10708
10709
10710
10711
10712
10713
10714
10715
10716
10717
10718
10719
10720
10721
10722
10723
10723
10723
0
0
0
105210
0
0
0
0
0
0
0
0
0
0
0
0
0
0
0
0
31821
31822
31823
31824
31825
31826
31827
31828
31829
31830
31831
31832
31833
31834
31835
31836
31837
31838
31839
31840
31841
31842
31843
31844
31845
31846
31846
31846
25591
25592
25593
25594
25595
25596
25597
25598
25599
25600
25601
25602
25603
25604
25605
25606
25607
25607
25607
106333
0
0
0
0
0
35119
35120
35121
35122
35123
35123
35123
0
1264
1265
1266
1267
1268
1269
1270
1271
1272
1273
1274
1275
1276
1277
1278
1279
1280
1281
1282
1283
1284
1285
1286
1287
1288
1289
1290
1291
1292
1292
1292
30730
30731
30731
30731
0
108072
0
0
0
0
0
0
0
0
0
0
0
0
0
0
0
6943
6944
6945
6946
6947
6948
6949
6950
6951
6952
6953
6954
6955
6956
6956
6956